kinematics:
  shoulder:
    x: 0
    y: 0
    z: 0.1807183549475882
    roll: -0
    pitch: 0
    yaw: 7.087874148714592e-08
  upper_arm:
    x: 0.0001966859503356405
    y: 0
    z: 0
    roll: 1.57041034612323
    pitch: 0
    yaw: 1.12949040367907e-06
  forearm:
    x: -0.612209446083496
    y: 0
    z: 0
    roll: 3.140494814049898
    pitch: 3.140496170248714
    yaw: -3.141584215944178
  wrist_1:
    x: -0.5710170724665573
    y: 0.0007128693707968894
    z: 0.1747892222434263
    roll: 3.137514224673416
    pitch: 3.140596063564141
    yaw: 3.141587797263586
  wrist_2:
    x: 8.039979047454243e-05
    y: -0.1198680944284703
    z: -7.002026662411269e-05
    roll: 1.57138047104941
    pitch: 0
    yaw: -8.601160872943881e-07
  wrist_3:
    x: -1.033887516967765e-06
    y: 0.1156473542891715
    z: 8.8416511895231e-06
    roll: 1.570872780348258
    pitch: 3.141592653589793
    yaw: 3.1415919014186
  hash: calib_5173386669592419095